Bell State
vtomole@vtomole: ~/qchackers/software/pyquil$ python bell.py
job VZxZekXSWkbuihMd is currently running
[[0, 1], [1, 1], [1, 1], [0, 0], [1, 1], [0, 0], [0, 0], [1, 0], [0, 1], [0, 0], [1, 1], [0, 0], [0, 0], [1, 1], [0, 1], [0, 0], [0, 1], [0, 1], [0, 0], [1, 1], [1, 1], [1, 0], [0, 0], [1, 1], [0, 0], [0, 0], [0, 0], [0, 0], [1, 1], [0, 0], [0, 0], [0, 0], [0, 0], [1, 1], [1, 0], [1, 0], [1, 0], [1, 1], [0, 0], [1, 1], [1, 0], [0, 1], [1, 1], [0, 0], [0, 0], [1, 1], [1, 1], [0, 1], [1, 1], [0, 0],
    [0, 0], [0, 0], [1, 1], [1, 1], [0, 0], [0, 0], [0, 1], [0, 0], [0, 1], [1, 1], [1, 1], [1, 1], [1, 1], [1, 1], [0, 0], [1, 0], [1, 1], [1, 1], [1, 0], [0, 0], [1, 0], [1, 1], [1, 0], [0, 0], [1, 1], [1, 0], [0, 0], [1, 1], [0, 0], [1, 0], [0, 1], [0, 0], [1, 1], [1, 1], [1, 0], [0, 0], [0, 0], [0, 0], [0, 0], [0, 0], [0, 0], [0, 0], [0, 0], [1, 1], [0, 0], [1, 1], [1, 0], [0, 0], [0, 0], [1, 1]]


GHZ

vtomole@vtomole: ~/qchackers/software/pyquil$ python ghz.py
job ZThzFRgWFLWSdrWq is currently running
[[1, 1, 1], [0, 0, 0], [1, 0, 0], [1, 0, 0], [0, 1, 0], [0, 0, 0], [0, 0, 0], [0, 0, 0], [0, 0, 1], [1, 1, 1], [0, 1, 1], [1, 0, 1], [0, 0, 1], [1, 0, 1], [1, 1, 1], [1, 0, 0], [1, 1, 1], [1, 1, 1], [1, 1, 1], [0, 0, 0], [0, 0, 1], [0, 0, 0], [0, 0, 0], [1, 1, 1], [0, 0, 0], [0, 1, 1], [1, 1, 1], [0, 0, 0], [1, 1, 1], [0, 0, 1], [1, 0, 0], [0, 1, 0], [0, 0, 0], [0, 0, 1], [1, 0, 1], [1, 1, 1], [1, 0, 1], [1, 0, 0], [1, 0, 1], [1, 0, 0], [1, 0, 0], [1, 0, 0], [1, 1, 1], [0, 0, 0], [0, 0, 0], [1, 0, 0], [1, 1, 1], [0, 0, 1], [1, 1, 1], [0, 0, 0], [1, 0, 0], [0, 0, 0], [1, 0, 0], [0, 0, 1], [0, 0, 0], [0, 0, 1], [1, 0, 0], [1, 0, 0], [0, 0, 0], [0, 0, 1], [1, 1, 1], [0, 1, 1], [0, 0, 0], [1, 1, 1], [1, 0, 0], [0, 1, 1], [0, 0, 0], [1, 0, 1], [0, 1, 1], [1, 0, 0], [1, 0, 0], [0, 0, 0], [1, 1, 1], [0, 0, 0], [1, 1, 1], [1, 1, 1], [1, 1, 1], [1, 1, 1], [0, 0, 0], [0, 0, 1], [0, 1, 1], [1, 0, 1], [1, 1, 1], [1, 1, 1], [1, 1, 1], [1, 0, 1], [1, 1, 0], [0, 1, 1], [0, 0, 1], [1, 1, 1], [0, 0, 1], [1, 0, 1], [0, 0, 0], [1, 1, 1], [0, 0, 0], [0, 0, 1], [1, 0, 0], [1, 0, 0], [0, 1, 1], [0, 0, 0]
 ]


3Q GHZ State QVM
[[0, 0, 0], [0, 0, 0], [0, 0, 0], [1, 1, 1], [0, 0, 0], [0, 0, 0], [1, 1, 1], [1, 1, 1], [1, 1, 1], [0, 0, 0], [0, 0, 0], [0, 0, 0], [0, 0, 0], [1, 1, 1], [0, 0, 0], [1, 1, 1], [0, 0, 0], [1, 1, 1], [0, 0, 0], [0, 0, 0], [1, 1, 1], [1, 1, 1], [1, 1, 1], [1, 1, 1], [0, 0, 0], [0, 0, 0], [1, 1, 1], [1, 1, 1], [0, 0, 0], [0, 0, 0], [0, 0, 0], [0, 0, 0], [0, 0, 0], [0, 0, 0], [1, 1, 1], [1, 1, 1], [0, 0, 0], [1, 1, 1], [0, 0, 0], [0, 0, 0], [0, 0, 0], [1, 1, 1], [0, 0, 0], [1, 1, 1], [0, 0, 0], [1, 1, 1], [1, 1, 1], [0, 0, 0], [1, 1, 1], [0, 0, 0],
    [0, 0, 0], [1, 1, 1], [1, 1, 1], [1, 1, 1], [0, 0, 0], [0, 0, 0], [1, 1, 1], [0, 0, 0], [1, 1, 1], [0, 0, 0], [0, 0, 0], [1, 1, 1], [0, 0, 0], [1, 1, 1], [0, 0, 0], [1, 1, 1], [0, 0, 0], [1, 1, 1], [0, 0, 0], [1, 1, 1], [1, 1, 1], [1, 1, 1], [0, 0, 0], [1, 1, 1], [1, 1, 1], [1, 1, 1], [1, 1, 1], [0, 0, 0], [0, 0, 0], [1, 1, 1], [0, 0, 0], [1, 1, 1], [0, 0, 0], [0, 0, 0], [0, 0, 0], [0, 0, 0], [1, 1, 1], [0, 0, 0], [1, 1, 1], [0, 0, 0], [0, 0, 0], [0, 0, 0], [1, 1, 1], [1, 1, 1], [1, 1, 1], [1, 1, 1], [0, 0, 0], [1, 1, 1], [1, 1, 1], [1, 1, 1]]


Grover's Algorithm

vtomole@vtomole: ~/qchackers/software/pyquil$ python grover.py
Grover N = 2 A = 00
job hiIcdlrGdLaooIQr is currently queued at position 0
job hiIcdlrGdLaooIQr is currently running
[[0, 0], [0, 0], [0, 0], [0, 0], [0, 0], [0, 0], [0, 0], [0, 0], [0, 0], [0, 0], [0, 0], [0, 0], [1, 0], [0, 0], [0, 0], [1, 0], [0, 0], [0, 0], [0, 0], [0, 0], [0, 0], [0, 0], [0, 0], [1, 1], [0, 0], [0, 0], [0, 0], [0, 0], [0, 0], [0, 0], [1, 0], [0, 1], [0, 0], [0, 0], [0, 0], [1, 0], [0, 0], [1, 0], [0, 0], [0, 0], [0, 0], [0, 0], [0, 0], [0, 0], [0, 0], [0, 0], [0, 0], [0, 0], [0, 0], [0, 0],
    [0, 0], [0, 0], [0, 0], [1, 0], [0, 0], [0, 0], [1, 1], [0, 1], [0, 0], [1, 1], [0, 0], [0, 0], [0, 0], [0, 1], [0, 0], [0, 0], [0, 0], [0, 0], [0, 0], [0, 1], [0, 0], [1, 0], [0, 0], [0, 0], [0, 0], [1, 0], [0, 0], [0, 0], [0, 0], [0, 0], [0, 0], [0, 0], [0, 0], [0, 0], [0, 0], [0, 0], [0, 0], [0, 0], [0, 0], [1, 0], [0, 1], [0, 0], [0, 0], [0, 0], [0, 0], [0, 0], [0, 0], [0, 0], [0, 0], [0, 0]]
Grover N = 2 A = 01
job lQaNbMseZIpsASno is currently running
[[0, 1], [0, 1], [1, 1], [0, 1], [0, 1], [1, 1], [0, 1], [0, 1], [0, 1], [0, 1], [0, 1], [0, 1], [0, 1], [0, 1], [1, 1], [0, 1], [0, 1], [0, 1], [0, 1], [0, 1], [0, 1], [0, 1], [0, 1], [0, 1], [0, 1], [0, 1], [0, 1], [0, 1], [0, 1], [0, 1], [0, 1], [0, 1], [0, 1], [0, 1], [0, 1], [0, 1], [0, 1], [0, 1], [0, 1], [0, 1], [1, 1], [0, 1], [1, 0], [1, 1], [0, 1], [0, 1], [0, 1], [0, 1], [0, 1], [1, 1],
    [0, 1], [1, 0], [0, 1], [0, 1], [0, 1], [0, 1], [0, 1], [0, 1], [0, 1], [0, 1], [0, 1], [0, 1], [0, 1], [0, 1], [0, 1], [0, 1], [1, 1], [0, 1], [0, 1], [0, 1], [0, 1], [0, 1], [0, 1], [0, 1], [0, 1], [0, 1], [0, 1], [1, 1], [0, 1], [0, 1], [0, 1], [0, 1], [0, 1], [0, 1], [0, 1], [0, 1], [0, 1], [0, 1], [1, 1], [0, 1], [1, 1], [0, 1], [0, 1], [0, 1], [0, 1], [0, 1], [0, 0], [0, 1], [0, 1], [0, 0]]
Grover N = 2 A = 10
job ojgcAOzwAQxhqpMG is currently running
[[1, 0], [0, 0], [1, 0], [1, 0], [1, 1], [1, 1], [1, 0], [1, 0], [1, 0], [1, 0], [1, 0], [1, 0], [0, 0], [1, 0], [1, 0], [1, 0], [1, 0], [1, 0], [1, 0], [1, 0], [1, 0], [1, 0], [1, 0], [1, 0], [1, 0], [1, 1], [1, 0], [1, 0], [1, 0], [1, 0], [1, 1], [1, 0], [0, 0], [0, 0], [1, 1], [1, 0], [1, 0], [1, 0], [1, 0], [1, 0], [1, 0], [1, 0], [1, 0], [1, 0], [1, 0], [1, 0], [1, 1], [1, 0], [0, 0], [0, 0],
    [1, 0], [1, 0], [1, 0], [1, 1], [1, 0], [1, 0], [1, 0], [0, 1], [1, 0], [1, 0], [1, 0], [1, 0], [1, 0], [1, 0], [1, 0], [1, 0], [1, 0], [1, 0], [1, 0], [1, 0], [1, 0], [1, 0], [1, 0], [1, 0], [1, 0], [1, 0], [1, 0], [0, 0], [1, 0], [1, 1], [1, 0], [1, 1], [1, 0], [1, 0], [1, 0], [1, 0], [1, 0], [0, 1], [1, 0], [1, 0], [1, 0], [1, 0], [1, 0], [1, 0], [1, 0], [1, 0], [1, 0], [0, 0], [1, 0], [1, 0]]
Grover N = 2 A = 11
job aWpEofyptvjOBuaT is currently running
[[1, 1], [0, 1], [1, 1], [1, 1], [1, 1], [1, 1], [1, 1], [1, 1], [1, 1], [1, 1], [1, 1], [1, 1], [1, 1], [1, 1], [1, 1], [1, 1], [1, 1], [1, 1], [1, 1], [1, 1], [1, 1], [1, 1], [0, 1], [1, 1], [1, 1], [0, 1], [1, 1], [1, 1], [1, 1], [1, 1], [1, 1], [1, 1], [1, 1], [1, 0], [0, 1], [1, 1], [1, 1], [1, 0], [1, 1], [1, 1], [1, 1], [1, 1], [1, 1], [1, 1], [1, 1], [1, 1], [1, 1], [0, 1], [1, 1], [1, 1],
    [1, 1], [0, 1], [1, 0], [1, 1], [1, 1], [1, 1], [1, 1], [1, 1], [1, 1], [1, 1], [0, 1], [0, 1], [0, 1], [0, 1], [1, 1], [1, 1], [1, 1], [1, 1], [0, 1], [1, 1], [1, 1], [0, 1], [1, 1], [1, 1], [1, 1], [1, 1], [1, 1], [1, 0], [1, 1], [1, 1], [1, 1], [1, 1], [1, 1], [0, 0], [1, 1], [1, 1], [0, 0], [1, 1], [1, 1], [1, 0], [1, 1], [1, 1], [1, 1], [1, 0], [1, 1], [1, 1], [1, 1], [1, 1], [1, 0], [1, 1]]


Grover N = 2 A = 00 QVM
[[0, 0], [0, 0], [0, 0], [0, 0], [0, 0], [0, 0], [0, 0], [0, 0], [0, 0], [0, 0], [0, 0], [0, 0], [0, 0], [0, 0], [0, 0], [0, 0], [0, 0], [0, 0], [0, 0], [0, 0], [0, 0], [0, 0], [0, 0], [0, 0], [0, 0], [0, 0], [0, 0], [0, 0], [0, 0], [0, 0], [0, 0], [0, 0], [0, 0], [0, 0], [0, 0], [0, 0], [0, 0], [0, 0], [0, 0], [0, 0], [0, 0], [0, 0], [0, 0], [0, 0], [0, 0], [0, 0], [0, 0], [0, 0], [0, 0], [0, 0],
    [0, 0], [0, 0], [0, 0], [0, 0], [0, 0], [0, 0], [0, 0], [0, 0], [0, 0], [0, 0], [0, 0], [0, 0], [0, 0], [0, 0], [0, 0], [0, 0], [0, 0], [0, 0], [0, 0], [0, 0], [0, 0], [0, 0], [0, 0], [0, 0], [0, 0], [0, 0], [0, 0], [0, 0], [0, 0], [0, 0], [0, 0], [0, 0], [0, 0], [0, 0], [0, 0], [0, 0], [0, 0], [0, 0], [0, 0], [0, 0], [0, 0], [0, 0], [0, 0], [0, 0], [0, 0], [0, 0], [0, 0], [0, 0], [0, 0], [0, 0]]
Grover N = 2 A = 01 QVM
[[0, 1], [0, 1], [0, 1], [0, 1], [0, 1], [0, 1], [0, 1], [0, 1], [0, 1], [0, 1], [0, 1], [0, 1], [0, 1], [0, 1], [0, 1], [0, 1], [0, 1], [0, 1], [0, 1], [0, 1], [0, 1], [0, 1], [0, 1], [0, 1], [0, 1], [0, 1], [0, 1], [0, 1], [0, 1], [0, 1], [0, 1], [0, 1], [0, 1], [0, 1], [0, 1], [0, 1], [0, 1], [0, 1], [0, 1], [0, 1], [0, 1], [0, 1], [0, 1], [0, 1], [0, 1], [0, 1], [0, 1], [0, 1], [0, 1], [0, 1],
    [0, 1], [0, 1], [0, 1], [0, 1], [0, 1], [0, 1], [0, 1], [0, 1], [0, 1], [0, 1], [0, 1], [0, 1], [0, 1], [0, 1], [0, 1], [0, 1], [0, 1], [0, 1], [0, 1], [0, 1], [0, 1], [0, 1], [0, 1], [0, 1], [0, 1], [0, 1], [0, 1], [0, 1], [0, 1], [0, 1], [0, 1], [0, 1], [0, 1], [0, 1], [0, 1], [0, 1], [0, 1], [0, 1], [0, 1], [0, 1], [0, 1], [0, 1], [0, 1], [0, 1], [0, 1], [0, 1], [0, 1], [0, 1], [0, 1], [0, 1]]
Grover N = 2 A = 10 QVM
[[1, 0], [1, 0], [1, 0], [1, 0], [1, 0], [1, 0], [1, 0], [1, 0], [1, 0], [1, 0], [1, 0], [1, 0], [1, 0], [1, 0], [1, 0], [1, 0], [1, 0], [1, 0], [1, 0], [1, 0], [1, 0], [1, 0], [1, 0], [1, 0], [1, 0], [1, 0], [1, 0], [1, 0], [1, 0], [1, 0], [1, 0], [1, 0], [1, 0], [1, 0], [1, 0], [1, 0], [1, 0], [1, 0], [1, 0], [1, 0], [1, 0], [1, 0], [1, 0], [1, 0], [1, 0], [1, 0], [1, 0], [1, 0], [1, 0], [1, 0],
    [1, 0], [1, 0], [1, 0], [1, 0], [1, 0], [1, 0], [1, 0], [1, 0], [1, 0], [1, 0], [1, 0], [1, 0], [1, 0], [1, 0], [1, 0], [1, 0], [1, 0], [1, 0], [1, 0], [1, 0], [1, 0], [1, 0], [1, 0], [1, 0], [1, 0], [1, 0], [1, 0], [1, 0], [1, 0], [1, 0], [1, 0], [1, 0], [1, 0], [1, 0], [1, 0], [1, 0], [1, 0], [1, 0], [1, 0], [1, 0], [1, 0], [1, 0], [1, 0], [1, 0], [1, 0], [1, 0], [1, 0], [1, 0], [1, 0], [1, 0]]
Grover N = 2 A = 11 QVM
[[1, 1], [1, 1], [1, 1], [1, 1], [1, 1], [1, 1], [1, 1], [1, 1], [1, 1], [1, 1], [1, 1], [1, 1], [1, 1], [1, 1], [1, 1], [1, 1], [1, 1], [1, 1], [1, 1], [1, 1], [1, 1], [1, 1], [1, 1], [1, 1], [1, 1], [1, 1], [1, 1], [1, 1], [1, 1], [1, 1], [1, 1], [1, 1], [1, 1], [1, 1], [1, 1], [1, 1], [1, 1], [1, 1], [1, 1], [1, 1], [1, 1], [1, 1], [1, 1], [1, 1], [1, 1], [1, 1], [1, 1], [1, 1], [1, 1], [1, 1],
    [1, 1], [1, 1], [1, 1], [1, 1], [1, 1], [1, 1], [1, 1], [1, 1], [1, 1], [1, 1], [1, 1], [1, 1], [1, 1], [1, 1], [1, 1], [1, 1], [1, 1], [1, 1], [1, 1], [1, 1], [1, 1], [1, 1], [1, 1], [1, 1], [1, 1], [1, 1], [1, 1], [1, 1], [1, 1], [1, 1], [1, 1], [1, 1], [1, 1], [1, 1], [1, 1], [1, 1], [1, 1], [1, 1], [1, 1], [1, 1], [1, 1], [1, 1], [1, 1], [1, 1], [1, 1], [1, 1], [1, 1], [1, 1], [1, 1], [1, 1]]
